[Model]
gender = 0
clothes = 0
shape = 0
skincolor = 6
hair = 5
haircolor = 7
face = 1
brow = 5
eyeshadow = 0
lipshape = 1
lipcolor = 0
browcolor = 8
eyecolor = 2
eyeshadowcolor = 9
tattoo = 0
mustache = 0
head = 31
bodyheight = 127
bodythick = -123
upperarm = -80
forearm = -101
hand = -127
lowerbodyheight = 127
thigh = -55
shank = 11
foot = 126
chest = 0
waist = 10
age_forehead = 0
age_canthus = 0
age_nasolabial = 0
age_mouth = 0
age_browwrinkle = 0
age_scar = 0
age_skin = 0

[Face]
faceProfile = 0.598425
faceWidth = -0.314961
faceHeight = 0.102362
cheekBoneH = -0.874016
cheekBoneShape = 0.000000
cheekFullness = 0.118110
jawWidth = -0.078740
jawShape = 0.440945
jawHeight = 0.039370
jawDepth = -0.078740
chinDepth = 0.354331
chinScale = -0.362205
chinHeight = 0.102362
earScale = -0.370079
earRotate = 0.291339
eyesScale = 0.000000
eyesHeight = -1.000000
eyesRotate = 0.196850
eyesDistance = -0.354331
eyesDepth = -0.551181
browHeight = -0.251969
browCurve = -0.322835
browRotation = -0.456693
eyeLidUpperHeight = -0.291339
eyeLidLowerHeight = 0.503937
eyesLidHeight = -0.015748
eyesCornerHeight = 0.000000
eyesInnerHeight = -0.968504
eyesApex = -0.110236
eyesShape = 0.188976
noseHeight = 0.165354
noseWidth = 0.102362
noseLength = 0.275591
noseMass = 0.141732
noseRotate = 0.015748
noseScale = 0.000000
bridgeHeight = -0.322835
bridgeRotate = -0.078740
bridgeWidth = -0.086614
bridgeDepth = -0.425197
tipScale = -0.007874
tipRotate = -0.283465
nostrilDifinition = 0.000000
nostrilHeight = 0.000000
nostrilScale = -0.196850
mouthWidth = -0.700787
mouthHeight = 0.094488
mouthCornerRotate = -0.188976
mouthCurve = 0.110236
mouthDefinition = -0.511811
upperLipThinkness = 0.086614
upperLipWidth = -0.070866
upperLipShape = 0.000000
lowerLipThinkness = -0.125984
lowerLipWidth = -0.212598

